1,1,1,boş
1,1,2,boş
1,1,3,boş
1,1,4,boş
1,1,5,boş
1,2,6,boş
1,2,7,boş
1,2,8,boş
1,2,9,boş
1,2,10,boş
1,3,11,boş
1,3,12,boş
1,3,13,boş
1,3,14,boş
1,3,15,boş
1,4,16,boş
1,4,17,boş
1,4,18,boş
1,4,19,boş
1,4,20,boş
2,1,1,boş
2,1,2,boş
2,1,3,boş
2,1,4,boş
2,1,5,boş
2,2,6,boş
2,2,7,boş
2,2,8,boş
2,2,9,boş
2,2,10,boş
2,3,11,boş
2,3,12,boş
2,3,13,boş
2,3,14,boş
2,3,15,boş
2,4,16,boş
2,4,17,boş
2,4,18,boş
2,4,19,boş
2,4,20,boş
3,1,1,boş
3,1,2,boş
3,1,3,boş
3,1,4,boş
3,1,5,boş
3,2,6,boş
3,2,7,boş
3,2,8,boş
3,2,9,boş
3,2,10,boş
3,3,11,boş
3,3,12,boş
3,3,13,boş
3,3,14,boş
3,3,15,boş
3,4,16,boş
3,4,17,boş
3,4,18,boş
3,4,19,boş
3,4,20,boş
4,1,1,boş
4,1,2,boş
4,1,3,boş
4,1,4,boş
4,1,5,boş
4,2,6,boş
4,2,7,boş
4,2,8,boş
4,2,9,boş
4,2,10,boş
4,3,11,boş
4,3,12,boş
4,3,13,boş
4,3,14,boş
4,3,15,boş
4,4,16,boş
4,4,17,boş
4,4,18,boş
4,4,19,boş
4,4,20,boş
5,1,1,boş
5,1,2,boş
5,1,3,boş
5,1,4,boş
5,1,5,boş
5,2,6,boş
5,2,7,boş
5,2,8,boş
5,2,9,boş
5,2,10,boş
5,3,11,boş
5,3,12,boş
5,3,13,boş
5,3,14,boş
5,3,15,boş
5,4,16,boş
5,4,17,boş
5,4,18,boş
5,4,19,boş
5,4,20,boş